version https://git-lfs.github.com/spec/v1
oid sha256:8948a3973270be35c5c2b0048971522f4a9aaf3170f385e4616b155e75fe3c2a
size 1912
